38.40173355222589 94.42263974585683
40.19091213126776 96.12064864225265
35.620358197099506 101.44549731713757
37.20571752419071 95.23975768300747
33.43208610524699 97.0166963747892
36.46840503480939 98.1603803184072
38.23917138554116 95.75956690379567
35.59564255087513 96.92389572676169
37.613675509167656 96.28710772166123
37.1349788814221 97.13645622664738
37.49845553796021 93.00262592802025
36.59842605752956 95.47999652499428
36.39037706429979 96.03386609784788
37.21906088119355 96.0055449864494
37.89816968786573 97.34546547825853
35.91805888085009 95.96521093053975
37.73894108950956 92.78153360084882
37.38470751628105 96.25406287484759
39.72269041574133 93.30527332403256
37.24452078812738 93.67267454419866
36.403766182476225 94.23441287857075
41.27955442745466 94.84859308782843
33.400572653276065 91.98397983560783
39.692859107859924 97.30521752139498
39.01239715376626 92.76039882081265
35.25181637203658 98.21165188506933
39.71446827253032 92.8215271653259
38.20024971419508 97.63527140162003
36.681065983607134 95.01458772579349
35.13647140088608 91.63858174910368
38.58623753829833 92.98550785378592
36.045104983983066 97.72437397762971
34.69813327709128 95.96872798909563
36.74777858072211 94.91396727365601
36.53108044838788 90.6379085320258
37.5873264417535 97.85056331822155
37.101440560884726 98.81227843662266
39.855797428635306 98.44746470572944
38.85080976739969 93.84094020945264
37.11075421428341 95.8370295752932
35.639638724441454 96.05571270886495
39.83126333759747 92.0165253893228
39.02507613373274 95.43241565199072
42.766032067280335 97.21351368922664
37.980983965196664 96.60038711164304
40.7375541167644 92.84910301550343
38.37564448503352 93.34620039786053
37.625858827997874 96.65261861983991
34.43409732030303 96.33713551575704
38.89701680945354 90.56311328195639
35.76717203801768 90.15824434944483
36.42736107394192 94.91836651828852
37.36693827978925 93.89212492761729
36.90341006424346 94.47482819466421
34.327878295563224 94.24884945967199
35.86274990046222 97.0394777301178
39.31518068627845 95.27856680987632
38.809546704082926 95.60670266931787
38.85089240315817 92.38680498797163
37.80121601206586 88.343239588065
38.77858091197437 97.31851420437465
37.9362562099105 99.3578410172194
37.117601708538075 94.38625290453032
39.78354917574529 95.57005972423553
36.962516509882164 95.72046727374074
35.91467633740403 98.42201714032807
39.8783565690025 96.84939922954592
39.92100549382236 96.06355910744337
34.305701310848136 95.18257495487956
38.729917771186024 95.1918964839698
33.36516584109641 92.19250744772415
39.59297365713011 94.3044555886021
35.58648620291215 96.84383457325038
39.02242826004412 94.60402428236361
36.22426036590163 95.16013175598975
38.119796765714106 92.71917568501348
34.692577836191745 95.96244444355439
36.89239930168274 92.14791732892017
37.33437735741291 95.65119626406587
39.37635941757296 94.696980728294
41.04257357075342 91.5848601465681
38.6153909681963 97.21038654507336
38.04931278175294 94.74370011406569
35.39778034356117 98.79298674922995
34.61681895870513 98.02793487063654
37.83468585466658 93.31249496049811
37.72551954368922 93.48799068368047
38.67019120873817 92.72747693209074
38.863974507401686 91.89850340413895
38.175858639918516 94.22707629108963
34.5200761143772 97.95892506036314
39.23927082774857 91.24161590177258
37.24349761673389 96.77531957612099
35.54331899530084 96.60810954960164
36.62448261592532 96.18081622943888
34.65653012152453 96.53777737048033
36.76585080211361 92.86298706389735
38.95558365591509 96.59457432358681
36.79876151818024 93.97291427790948
35.73081577623959 90.15304391683452
36.937642287663564 95.18625653650436
38.37592311557683 93.38321517617413
34.75523193827023 97.78906390765708
35.415866314000105 94.49873760865978
37.70803636347984 95.16264632084281
34.95512443913639 95.8497897932807
41.344243113709815 94.53662936522487
37.147338969703966 94.86374840613162
35.64003743392649 96.75857868655231
35.81930357449059 92.93878768451168
36.48776652723366 93.66780375593642
36.31435518793944 93.13720853178968
33.27081254536172 97.94493998609073
39.98149294626902 93.66803068697597
37.423045204712686 94.78486412355747
37.39925899356593 93.87022127849245
39.089758909169376 94.45507473444205
35.34480294580257 93.59657170803806
35.93735764369976 95.99687926827386
38.36884318217453 92.98973033443183
37.32525578313431 92.36652953117162
38.143816554825705 93.9545899021261
37.29383721403127 93.47496020492855
36.97125162144782 92.39574099337487
40.32104285931609 94.42468504298522
39.585599301834854 91.75119579987896
32.456493601458824 98.52692589586015
40.414669007080576 92.08622791216024
41.77146893146245 93.77883164239013
39.91756863816847 94.2643207272978
37.02536291822386 98.44080057020287
36.07562346380776 91.61080002014327
38.90967811306798 95.35553082482676
36.21587316402633 97.14574757088087
38.16633154551501 94.45194443402642
37.410250136058714 92.7317965766496
39.890112760249266 94.8554607122855
36.67509583612928 98.12563316077657
36.56840719492496 93.8398589514562
38.21046511421795 97.94379757714715
41.321691486592485 95.58876446501206
37.61595349662538 97.53645906446413
36.621099157633495 95.5087968255439
39.16901838791247 94.10267925705301
38.89026844438567 98.34915061373952
35.55106838344017 95.52190134660283
36.381691684378204 95.40428971259794
39.64706959772601 96.68654190420249
38.3100375667151 96.91973540716269
32.51461415460105 96.69714356946783
38.41797016274204 92.36998673510861
39.30692460197689 93.79695957683987
35.77884910121002 93.75837273805399
38.808384015900444 93.51327018249587
41.19865011937769 93.3272231101845
38.24675976486513 93.72938281869023
36.202779294270385 95.74332812669995
36.40908892567108 96.06024921549128
37.48007968426935 95.06815870770343
38.20955106868243 94.21936596386278
37.57966108420261 97.62235713829887
38.457204615428594 94.88829851969194
37.1601210988955 96.94557568162197
37.81525783221669 93.93277837989406
39.38363304939312 95.89885624089577
35.32434957901023 97.75560764960345
37.67143548399102 89.85385462162287
37.66553917879177 93.76126007334346
39.29534531616239 96.25891499267405
37.000566973637525 97.49706078835699
38.76010850683577 95.47765773688464
39.65938681566167 95.17057609959043
33.754406010407784 98.29258756743822
39.791274371637314 97.61941742216926
35.48324829048487 93.33426676689622
35.2661310665993 95.30425260123313
31.695098097791494 95.79176864526265
35.84765655471095 98.50862938901899
37.444297995434184 96.80357167307722
36.68736527220444 94.86427844118838
36.52895816433274 95.51157929859886
35.22901717607735 91.30366366252383
39.18847088268913 97.00868761024631
39.370839557162846 96.36289621843812
38.29024892864742 97.49574350744183
33.68095579316497 94.78333204444259
42.00070220077121 95.32751277810854
37.74796118565068 94.10875394243217
38.53323028790358 92.77532082868014
34.45742060999238 93.86691823522727
37.43112498979679 91.43282974193177
38.28072005998354 96.90064167217979
37.17221477580154 90.72166563568543
39.198335603443155 99.13571569291005
40.05470218072933 91.54317684239146
34.76696435660138 98.07120799234201
39.15425304898396 93.25532255385075
38.242691787665905 96.19349677593374
37.44461989538913 93.56653724033788
34.312387917681015 98.41892695977438
40.41370943513335 95.15883597716017
38.2475604472785 97.21879466518912
33.8875097604052 95.22352672078439
36.96774296392221 95.77735059206942
38.10845865746798 96.30364394903113
38.46716248808131 94.01398266999222
37.1988022961735 92.51084838452111
38.13719349663368 92.46822398950762
41.69178430919623 95.17311577926394
40.54708539567926 94.09415047021547
35.55497379437853 90.77971712129174
36.260217221610745 96.0973131425746
37.23160388511571 92.63445135841845
33.95587301639302 92.750780590453
34.77120488884392 94.98817857241778
34.21062264284928 93.27119932484379
35.158571939086244 95.31644163767066
40.233217541029425 99.01835242419673
35.743530846976626 94.31331534862699
35.39988836686505 92.95227234855832
39.21968720575503 95.43444459624624
36.55540311254468 93.52096705365625
38.291290823081454 95.11893360498712
35.99765338600958 95.7027025943541
33.850235946723124 95.00103676406665
38.38944603973248 95.18454854016996
34.35114399655494 95.45561140225692
36.43302544558105 98.26565608603325
35.9881096146488 94.56559203277763
37.84470482983019 95.3262994543278
36.342122089187015 96.80512876767591
37.198542227808474 96.01350430382766
34.33289773986171 94.35501224001007
41.454708062948455 96.8751575150274
35.05374840927592 93.32893687876177
39.85677277317163 94.61793178639518
37.75367931741544 93.52925755998274
37.73582662087889 96.22377983993383
38.16285105497557 97.45063020356112
33.69338670783113 95.51810295838433
39.38679588868108 95.22196253285
36.432122950162324 93.32141330607547
39.87480915100952 93.66632840675129
37.15153995375179 92.68491040971477
36.704968766555304 90.71806786244726
34.87157965846388 94.28936263853063
35.92299315312157 94.47522010228569
38.298639408064375 99.41711523173824
34.8381832853975 98.19705777340785
33.47281278558152 96.18271112025869
35.73891411341405 99.24038510207475
39.134022637981104 97.85323763336217
41.01659403878898 91.05629459826608
36.09918054930673 97.20634298546112
34.356354525088065 96.49433917138127
36.76775375652805 94.49267474672624
37.82172291355536 92.2410256019566
38.60980615493391 96.26223291241247
41.723294380751064 90.91317519504263
37.90770952869782 95.0284807162423
40.76493513549409 93.83724982441787
36.52816104060895 92.55374655788724
37.627143513781355 97.44903265629603
36.26824641981554 94.98881377983008
36.09400321650036 95.41936329933075
36.9272001950017 96.88717453547648
36.8927021340546 95.05384952838492
36.24606004574075 95.97425303828662
36.35550607000764 96.7031338819698
39.647604393619055 96.20494249482927
41.68023619865265 95.64339097336818
36.45719863932335 98.63765631174174
46.53283440610205 86.19246169902975
45.65785496538373 87.10047298583791
48.221463112214614 80.7183351949478
42.18003872372179 84.00618179840961
46.74470985875519 82.82318856844603
47.04851561399756 82.66040707714382
44.61336734630121 84.9690095038763
49.257421041798466 82.61251487741592
45.38366495546143 82.86631777760954
48.197433744047714 83.5220260790119
53.2295032596193 83.11145733350935
44.43993719273075 81.51111545623823
47.3648456026271 85.45006887995743
46.847028137370664 85.95531774727769
46.45801105484843 84.54549304933292
49.18245060191192 83.10515056821795
49.87460662229808 82.44783439760292
49.205224711243865 82.45101574440959
46.21527024773873 88.5730086003279
52.52964456944603 85.73393247339577
44.12146203595741 82.17803571309581
45.59669027457261 84.18765152513676
48.001406981421944 83.13318582006376
47.840736250932494 85.02585662257506
48.63803657139869 84.94525407584116
50.8222166027916 86.02547517807342
47.422246573909995 82.15714295293809
47.889407333067155 84.06772646753875
46.4729163071927 80.36116190034743
48.83860544956248 81.3435752694048
47.024991391340514 85.62645754338084
47.02383437050851 81.95688828745183
48.74891471856875 82.17643827416677
49.73179026680239 83.84169972116239
43.24573530929344 85.24777793195557
48.38350526198805 81.73660227859429
47.12154177528612 76.89663821274232
49.55718228796401 82.11780938597546
47.16170321049217 86.26951202616816
50.2640532789658 84.54452597229623
46.30912237167312 86.50600547783691
43.201288597389414 81.59462358599708
49.765134493984526 80.57946333493437
45.974858488150254 84.78335297555756
44.50144453915414 84.33830134563257
47.69405524992906 84.469364511017
47.183591080580854 85.72424915556361
49.30815836413121 84.701625718087
49.44677005227162 84.66949105654324
47.85318930441998 85.28826989786477
45.892316528805225 84.86308913463654
48.235830935089794 85.5731477336973
47.99233717288235 85.87529751981964
48.799821761580475 86.92163347274432
45.912334985151794 82.55987322045512
46.86120266630609 84.81938008508398
48.680704645313405 83.11760913306789
50.156602523104645 82.19113789570395
49.59379242856038 82.47917522810175
47.82605815494679 84.84816690538554
46.6871583647989 84.69476097983448
48.46958952999981 84.65907992873936
45.479167538054256 83.40682857512381
46.027945534119404 83.8650853726193
50.68149103756044 85.49376126201459
48.46601737273504 80.87946975096386
46.966894945095284 83.90754006711965
49.32022578181173 84.03816816651606
50.235898340340384 85.36486440841779
46.77267329614991 81.15775904637684
46.80713252774224 86.84852336129731
46.55665686594718 84.2855167191195
49.58964905007192 84.39141696365236
49.609063307681446 83.05549635559802
50.43375505522339 84.93430057985617
49.679154312338866 83.95416397082869
44.39751225378416 86.27621975847542
48.22387705447759 80.97526737413526
45.54517760694709 84.2093475300435
46.63611966269836 84.67528056701734
48.00313681980292 83.4855110815363
49.333079209341 83.04892422364838
45.88026172773904 83.13234131232507
43.01250908973639 84.20753440899814
48.02301009625206 80.23833806830108
52.949091579438296 85.78828579238895
47.25625597330089 82.89799213487078
47.75577928254171 84.11386126499605
51.22627564971335 84.59246040383861
48.84249765076477 82.80664509563657
48.09567048660707 83.59617905626449
48.54618174326814 79.78777538901147
48.162436277788494 85.32250308492863
45.38243955632778 86.0183938709068
44.9790580970418 80.45626876638498
51.43560463688967 83.04527011686996
48.02971511645151 81.39851711378085
47.86213929780059 83.50277522728767
47.48149308452877 85.1555285397044
49.2240949478741 85.83287366877573
52.73933061611617 86.10196224911618
48.70985374685678 86.4793435196469
46.48577476001209 83.41343031335136
47.395146696858106 81.56433861279561
49.803941347051705 83.62907526964655
46.4963472098152 85.12479087486963
49.36644139070173 81.40373630842076
43.020473664684935 87.17852977715897
47.20218926974842 85.65403294778316
48.91822843960254 83.44512153339983
50.20219950579263 82.43651200944
46.024999978556416 82.5200137080372
44.656418377379985 84.00666829786279
47.140478082857555 83.39945066480178
45.41111039714742 85.75926138082774
47.36387507918214 83.17230421365723
47.64864150337872 84.86925949148547
45.0236583222373 83.80040610191274
49.27082663286293 84.39759458505662
47.347520625912296 83.39814299906972
49.82286815065189 85.27368695276172
43.97213793204901 85.30333603084263
45.62756407155042 84.77811392190677
48.69528702993744 85.07328452456149
46.06372727099066 81.96951831517637
47.3328770965418 84.50474739608045
47.663346647755546 86.35665940523755
47.97846037454793 84.84106500430148
46.30681598717378 81.79682086465944
47.96052153958615 83.75872285096432
46.09686100217223 84.6082117469419
49.01050935013475 82.34345683646586
47.43226037367515 81.14171347681578
47.97202165983223 83.22606013338942
52.80180209202186 82.37659105432708
45.44773950344115 83.82967780748254
50.43911295072177 80.6754465752699
42.34324569854245 84.9876579953348
43.505195102803306 82.58904579967577
45.180668257266056 85.84976034362519
45.30689168209132 83.30445819066972
48.06935200891889 83.8074777774935
48.24163294097813 83.51218611286865
47.15230587589647 82.48193649006194
47.362192479116274 88.8028147948078
48.717477934504515 82.86652351424792
49.32839616788268 85.9052989151938
45.008870380421676 81.67099797813569
46.93816647017519 84.60251865244881
47.522768766815176 84.81600019812615
48.6325804057621 83.80990191606622
46.116614128094255 82.71624643098333
47.48350606145385 83.33161206503455
47.72191568169551 83.05167686631624
46.25300820572213 88.66230843393339
46.205318112745424 83.81304969137284
47.85943996791586 84.90803342759038
47.40125812066678 87.42150605111321
48.66290345148246 82.10561853431412
45.5554309713512 83.93357633659836
46.96058535688362 83.31988360689971
47.20351630953401 83.68597897929575
49.2896762288884 83.50023193602752
45.78112086350539 82.39450169900205
48.13125242295137 84.24907644025575
48.16745942771697 81.73299031543029
50.95474289800114 85.83602134488052
45.647769684028674 85.10487548357169
46.347481776406205 82.87133023753445
45.787237048194555 82.96828922751476
44.3223900685044 84.40927699495899
51.191322281166634 82.26116523905011
45.17894595074295 87.48221611853222
46.029337594531505 84.57410732764602
50.293481429205514 84.64478217302984
44.155734318764765 85.22114603097705
49.17465155121596 82.69932932212234
44.83589972195764 86.03627583383204
50.15533788570037 84.0873226026934
43.322193038559476 85.75854681226015
44.15500958013987 83.46234961712582
46.57210394272338 86.49281232372485
49.60559379298667 84.66094312431206
47.60003191136805 88.22326991861665
46.99051826686805 83.11921263661802
50.35403682757063 84.26735466244398
51.97242748950734 81.79510337652216
49.00646298146874 82.79965939517004
46.41623940643863 85.0956289659583
46.82566234462265 86.11690474534149
45.08505365312654 89.78827657370393
47.8635832571493 83.66499805701604
44.40276244068854 81.99182905497129
48.765675723260195 85.36490739101697
51.6730965039211 81.60260142925986
49.0971315722273 84.98681064631596
46.72365297225132 82.85374443787424
48.71582323790478 84.28144581102327
50.903015302972946 86.04034807459182
50.80293768316347 83.63678901210109
45.65443262951445 85.72401403891972
48.68254119180584 85.60457296750079
47.3457454325008 80.1295928136443
49.275134908468566 82.05505437819134
48.429176320274735 80.73464214747153
42.9225055936723 87.86173007532275
46.96592224004752 83.64747201938783
48.05906513843378 87.41991429619577
44.7932184783235 80.59235130917851
48.82399243237317 82.71271902116543
44.61391792918713 85.45925235379443
46.065070317807084 84.21680507911584
50.344572252041466 84.9239756558894
45.89439283491266 81.35063940267597
48.80988233104455 86.61186285602034
44.15480097682382 85.41228806177706
51.824577726171476 84.66150688124543
47.05284113566668 82.48703530809887
47.85259002653663 84.50585612547437
48.02002200573912 83.2752759122755
48.87708214130391 80.55727345018695
44.62358844666884 83.75741016681951
47.65127547096787 83.54479507381743
46.34441076107848 85.98305889001273
44.28283396048465 79.38940298563408
49.636192812898614 84.32865552797189
46.957602445442014 81.54711977405105
48.14698926386623 84.49670255465358
48.021639250097316 84.6068159814171
46.992243867888966 83.6845663160021
51.61200311990276 85.47284211988465
47.567419107383174 81.36672375206308
44.546043777287856 86.07369677082588
46.86118569227456 82.4420981378742
48.661423652865416 80.7464585692827
48.727138631382296 83.31346392926287
45.48638654211767 79.66794082490252
49.52091342733073 84.36660365475488
44.13621455489911 83.33975498510203
49.95021881787403 86.32562971301455
45.023252634366386 85.15610429127648
47.209457974623845 81.07426319588646
49.79108576869459 82.18148088802671
47.90115975041533 84.8995847113309
49.29534544806833 85.55241389023256
48.89927233206106 86.30325770003624
50.2344856394504 86.28727444087318
49.786368114468615 83.67921064976667
46.75445979556831 84.58356711476482
48.927831680228124 86.45573287815007
44.6088446892457 83.25163894639059
47.54613859796562 84.61770824414273
49.29891788191827 83.20449431090317
47.929643721133196 82.75635964133163
48.555227875675364 83.95502610683408
47.235403660709615 82.4831689675833
49.92008728771148 83.59642392472298
47.50111686522321 81.78834614119822
46.731048047833085 83.47826709589772
49.434983237779306 84.7550364574942
44.85162856791227 82.68072879784889
48.664015099675886 83.87683937532431
45.57697866418692 84.13694105750501
50.217802071117525 84.76332565390516
47.139893906147606 83.59109618765206
47.93191785428057 86.0299885539981
48.487089205929436 79.65641814735865
43.80257922001288 89.73376156459803
46.36077872952748 82.11598834218745
49.7490402312143 84.66503591697064
49.397478460982974 81.98132004985078
48.22801282343163 85.14679218928109
44.96302126979015 84.41139417545234
48.83295533435835 82.5568287955723
49.088747593052084 86.00443056108311
47.755982838888684 83.53033411105864
50.10829031382411 84.95268774637648
46.29508483238095 82.02393625987041
46.642233257641244 83.79648059911932
42.692725254469565 87.86507040462669
49.50160343293652 85.78418692849074
48.289672339581465 84.47349738116459
44.29830776237473 82.96041421504289
44.1447504126529 83.9932529420125
45.916687157899176 84.25338785060724
49.2492642966019 84.75671274010197
47.06122743646394 81.70493485390715
46.05237457932054 85.19507179214722
45.6497166264742 81.67906967367318
45.56012449698482 87.12050757482622
43.79459181042608 82.31499922542872
45.24715674934845 84.45151250961483
45.52079225328686 85.86854101681851
49.02719488555549 83.35349578333359
47.33050230634797 84.5394559084622
46.010778726606276 86.72861896864259
52.28139392345357 84.98706184604902
46.334154585547864 84.56935712961119
42.21698142499887 35.158820675962474
40.136306990713955 32.45728830961005
39.68562719812743 32.89167503968469
41.919783520331244 32.72336276080838
39.77491864046514 31.61811822746172
42.3103858158279 31.165085709439094
42.37321806678503 28.159544323472
37.744424488665345 30.54999428727521
42.63255256954915 29.146054489904266
37.489960222099526 35.21371312523038
42.75719321886832 33.080148172918726
44.47074654956378 32.451438210430204
42.163701041641566 31.26834578416171
36.100070875703956 32.76287468279312
42.54116360387534 31.007356401013205
44.906290096975326 33.05135326956508
39.80796888310724 33.19478412216658
40.34462552504352 30.980548751610385
38.03705872125044 30.94239222667906
41.038191002742636 34.62771486551411
42.95238653018956 32.59759624774127
41.80950642140221 31.141275297794092
46.697966119678895 31.962303552944835
40.4800862510349 30.682127982910657
37.15268543027277 32.568948995000035
40.75597410823974 34.36657277165281
35.58112863467832 32.64797482113535
39.347824315374275 37.430583043674645
43.662796282303724 33.54603529242188
41.06429946236684 33.16322505200829
40.77286579076584 30.88671189439226
44.05559291853401 32.22624926263854
39.87283238177656 31.14528847025649
42.93767299097152 28.372025699515625
40.67264611543598 34.65184060058149
41.17412709202135 31.68041504522341
37.979422453377275 31.18251600765726
39.449938575446865 33.1244562242408
37.61899569941556 33.728315260766905
40.22354200865261 32.06176649051132
41.194836852935836 32.69811282110584
38.1939559549204 34.195690970952676
44.51239001047295 31.982928967103977
40.97024420328722 33.30798363985054
40.52962333627374 29.38482691954557
41.95334766779455 30.220678159468374
38.75617600337146 33.914395712484676
40.74098712343821 30.116198877989277
38.98029972438812 33.17159125055046
43.53139198528127 32.409318591929726
38.29675346630914 31.974381631283414
40.54036308371765 31.046390618388415
41.07266373540685 34.52199619253462
41.2036836539187 36.16309846536355
39.25156181893764 33.30370048152426
38.623013360813104 33.34829758766951
39.2804418190111 31.338654896608883
41.47068303352386 30.311121692675112
40.126340623279376 32.62383834671152
42.006449782008346 30.75581686040772
41.36803960389345 29.158095899692228
35.860206768904085 34.310207781055034
40.909027758777725 34.40764973282754
44.91494170073584 30.985638610417684
43.06457026717996 33.19124479888236
41.258058486517236 34.70722069190741
38.29524790416341 33.11336953044763
41.36913959735459 30.317006864126405
41.89353204485982 32.23752932984967
39.906538803448136 35.35693499640785
41.047516282712174 33.1973694435341
43.43335708189538 33.78158036268948
38.69948332561985 33.3865745950621
38.297432955185045 30.992293440367366
41.799430817091725 31.461625717758587
41.32911743749946 33.38104647042736
42.47170875592892 34.337059716364685
41.55361978891084 34.903126058159636
39.278522038754915 30.987105066787485
41.27841746803411 33.56955722567826
38.12977907851095 35.07740437976182
39.91339474163731 30.72915261574783
41.419630627036106 35.67681042792342
39.69300373165552 35.98119781101225
45.35013652956295 37.95348883556719
36.629663667455965 33.16518303798386
39.31905145110568 33.17616550884877
38.53847249736348 34.357304934558506
39.013334550187395 34.29892150242271
39.12803571814155 34.956049878315085
37.76119079138532 34.27138251725408
41.919436462248555 32.49119233824779
39.319841570329096 35.147310398270875
40.74117883628061 30.56080785693842
39.544380641282814 32.71502082977462
39.03227134053088 35.830787388423474
43.758590637277 30.202823160083234
42.259896529522116 31.348364842329545
36.67763136519301 34.046810738478456
36.465757268431524 33.49114010279618
42.49924983637627 30.95326534101138
39.37432538200579 31.87092815086359
37.11586749723485 30.341752031023194
42.50550243018398 34.66428615536502
40.75228026530148 32.19155344098281
40.91717433476794 36.28762797784513
42.033110709115114 32.86551664440392
37.794077848538514 32.26383554951812
37.15103052233497 32.069672633740275
43.5759407549097 32.214916485939014
37.53969864361871 32.92495834659148
37.96955657095217 37.72813130948051
38.36916140601177 32.02559681612515
44.57392401248435 32.090609234781255
41.400798765926346 32.83450384769023
42.34484811397406 34.883865169012395
40.80636725626076 29.861347034178316
39.21025774270083 33.61350163014316
41.67661473162364 31.068465804281548
37.3008002235097 33.80986153422577
38.22346526091031 31.71579627160296
41.87998252362626 28.0951114768093
37.69952170344974 33.44247136169884
40.03586922677955 33.42560569701761
40.12700747639248 31.545155539365012
39.35670815842898 31.426628436037866
36.511795215405584 30.080570706148567
39.156174382725915 34.24951603940161
38.76409541123833 34.46774772125749
40.736911891678695 30.945214385972093
40.63501324250224 31.62344723724617
41.16995508497705 32.57673791404594
39.0620596191545 37.24504671839497
41.45958806603508 33.79355965150174
37.30201869955594 30.816485126307114
36.770222699798595 33.310876775304884
35.742886716770045 29.94993307504771
39.415437685959304 34.139296776156215
38.907435716426185 36.05441094341284
41.9926633888125 36.06289952649179
39.11670699100556 34.17310316327255
40.960784860991836 31.536491444587615
42.040625318269456 30.10151264329562
39.04139401380507 29.902906069585654
41.01013658531765 27.090881937326785
42.41788726301369 34.091027682339714
37.93770661549217 32.49764511587507
40.46373684159259 34.52174848923013
39.04996339870467 35.559379126793445
38.065052400117025 32.90312724412869
37.34112868412284 32.995239375750174
38.032735020745896 31.77467546732894
40.53409017660732 32.01114732197905
37.19234325397981 34.16025598126974
39.312578116926026 32.35456609559325
42.040420978809095 32.06530082281822
41.31205409194117 32.66668243743817
39.35301691922699 34.47597654844705
43.793412991820745 31.317993040663666
44.200104992926626 32.570259121219806
40.46627702818275 33.193871831880735
35.47694633333468 35.02375996349435
42.18692855913582 32.22472260272504
35.82607948503613 31.26766938422043
43.36632438654343 31.734594267779162
42.5812019665879 34.80943102235463
43.96245717337934 36.769926753530804
40.934563281838756 30.075800528951806
39.69126063073963 30.512712926184157
39.51382989772285 32.36572258291958
39.321511823041504 32.92522834845996
42.37616947245271 34.27725528743386
41.838575144115055 30.9210501391209
40.65448343197173 30.577098083024943
38.96966954924935 32.97949046259113
45.67245742770385 32.18651471590954
42.23878139302904 34.55675815186692
37.21860832555648 33.67803576270464
39.381520133229046 33.81407485159031
42.27758435992071 32.49435346357014
38.81495432263793 37.414476673460285
41.11712808275508 31.027820193136353
42.315624765775596 33.92493582383342
33.637175999790514 30.163936182177657
40.1979567655248 30.556380800844966
40.27645047223354 31.48862495879296
39.589887253735725 35.96196282955992
41.01742243499538 33.23110501723191
41.72907138009505 31.522360019235123
40.69813405375252 33.45218880823302
39.66637737700444 32.773611919172886
41.67927476467184 31.719369418045634
40.512138983652015 29.910058444747417
39.952631338712344 35.58040112534845
37.789473394425464 33.12295241374395
37.28872259457114 37.05079290326035
37.75157257967516 34.58395939740563
40.97069028754373 33.80595560584596
40.255874669890595 31.832907499089938
37.453463968688375 30.51262502861004
41.705867816690926 32.26785418734698
43.16265119146149 30.454730967912212
39.21704493167063 34.00369691778538
36.93206845036655 35.96862115171813
38.99577939529947 32.18149162408961
42.12295341869269 34.592298101106266
41.51109188217285 31.324858015890158
38.56916679308034 32.09838247990917
43.45637644063278 31.073388187192986
43.1105922969561 28.43705008618285
38.94802003855002 32.63024945648665
38.92745215917337 32.96021963151938
39.22837629034432 34.835038153847144
39.39936661432621 34.29419266166245
42.31510818096019 34.321221954401864
41.26469028605649 30.755243710088116
42.16818970380447 33.622310768465255
41.7611624514767 35.86850408728706
43.843086301490764 33.46305185774204
38.29526107748502 36.360503382453864
41.17474922587113 36.7412483785636
36.0663896526339 32.16637961574058
37.78012101690958 31.30943666616273
40.264325393233605 31.180391825485973
41.25044539061237 29.671044516117433
40.21040068104416 31.66651035749283
39.279647327477946 35.11864705583636
39.635196410117224 28.295241005821392
43.15291411795151 30.62840935489638
39.64596780934302 32.44905327301988
43.912515409190355 30.948945755080473
42.00206631218557 31.64874426784343
41.32910685739976 31.678656807479264
38.02683834446131 32.188235716200374
42.284508487902556 31.244406764104394
39.4264910096063 31.080889728612775
38.0251526490919 34.57193564816633
41.43971939126205 34.80262451204456
37.638140043970225 29.942229465829055
38.88954924084413 27.184121357778103
40.39380034216548 34.83006585546573
44.850875013332754 30.2457153192196
39.040200653518326 33.128805833243355
39.49759912650215 29.57197241026744
41.87872227394659 35.29882612684322
37.93744078835121 37.79065194692693
41.29964492714513 33.068929974734544
42.82588578033648 32.515110859404835
39.7998423956811 32.05903700594374
42.466340727897034 34.2669147789497
40.996932011526916 33.83868965819304
38.952668237495736 34.7103130634296
40.018422793310286 31.447483111127706
39.65451748514282 33.38355156913316
40.23875564947035 31.61838002291148
40.71946796354296 30.587884860183763
41.590432035047016 32.62128531431694
41.43136866427757 30.858290695569707
35.550605022579006 35.05077015180905
40.21941578755925 30.979475400292227
37.39518833828978 33.43040803769859
39.86257766016865 31.496471558804426
40.16645298948146 33.257441657198896
42.36632888127272 31.65532300941316
40.3538012309031 30.188893606608797
40.932468201789824 33.670861638227564
42.00014492641816 32.232484912497426
12.548360042777988 74.29590123985385
9.940922580789323 78.79232865335841
11.214402958893407 76.74317129371634
13.158883498221686 77.21742928425112
10.160767860171017 78.25708788346572
10.471075521514708 77.10450511684817
11.56210953191056 77.30401344409808
10.156662404786639 75.62940813054041
12.789028525869856 76.70257837440737
10.737042971280935 74.78324538151969
9.506772781907863 75.27141881228724
12.2921221916438 79.88763110740099
8.790583233033118 74.34185384136232
15.10460165414424 76.26687526473573
14.239837259056216 76.18517908489413
12.101835485737842 75.33673206790158
11.933506575535615 76.98704288460405
11.839727367534408 77.13768519694594
10.096654960057997 74.10660264516801
11.669463823257496 76.16095443455627
9.228579310980114 73.79350633391846
12.082481368776174 77.53533824809777
12.810538417958401 76.31121563218842
10.318672329929143 76.12290078489735
9.884640943586373 77.27630370920798
8.649890482599993 75.40722043052637
13.990754999027192 77.78628492989958
10.04351646421139 74.0613512659509
10.677366459862565 78.78199404925223
11.675155701887263 74.85641864635346
11.639259817675681 72.565882876072
12.567964723257951 75.30117119453772
10.316184692219155 75.07430461695475
8.797508654953985 75.2860930391631
8.44751391395118 76.42153704243114
9.91633406621012 78.15392573323972
9.171143582546563 75.5748291836689
10.467611121280296 74.57500587182537
13.690002153415776 73.70514738689558
10.320288120128433 75.02187542884508
10.319542809226698 72.18259133296247
11.042046979384235 74.50797482443045
10.26359454947168 78.44634880318755
10.940062060459423 74.31152260230633
12.156582976858505 77.21567273306378
12.84434664142244 73.50527683184619
13.081270931373858 79.50043281008428
15.18854897335785 79.6334544775926
12.213563424240688 77.14028412458292
15.54380233459443 79.94074621475022
9.521880915776526 76.66982696131849
15.257414336744983 77.49527523976228
10.314092423456632 78.48210876492624
10.51080667036974 76.31767791766008
10.835099437050065 72.85348608829305
10.637603109578349 77.53616772193197
11.246525325348818 75.01452182259625
9.914788526918933 75.16318136955225
12.734768878038555 76.55403084442055
9.969174462653452 77.09080277089791
12.386065328401594 76.25851027947562
14.13029177094334 77.22970008377779
10.360639792280331 74.54452674334279
12.663611367854166 75.87283342201661
12.19316310970218 77.65641191236492
15.580618296335311 79.50382336433661
10.06518340220591 80.21111218940959
12.66498776550738 76.82419437691864
7.822822348342705 77.63826066495439
10.083127710422186 79.92139934109356
11.781630207089627 74.61656893799618
13.861164470075373 77.21764071688834
8.622977801927405 77.49492691043547
12.647025813378033 78.85396388361666
10.948397618929894 73.68395825039073
8.031789225111186 74.07942944386214
11.438018223793392 76.00100543367259
14.493166997852235 76.71369633610644
8.833999212072577 78.20396891893078
10.854969101155444 76.99332856308772
9.101566562616679 75.6554145512426
10.13767866807578 76.79116390097545
13.939184818945078 76.56032996401207
10.531795580913046 79.44827387143874
13.877976006926465 76.28955889860023
13.292952627758984 75.19207418435805
10.349368704926915 76.85745907160683
10.069645610683347 76.35521165014023
9.282846918266808 72.81625430011383
9.213082143509004 75.92693688821883
11.781259320911499 75.75676452065116
11.03527390146588 74.87049727990454
9.827633662037398 78.02940758670911
7.9773186876492534 74.38688181823917
11.287202067540235 76.86947825051224
10.135740173773145 75.66252701177571
10.684249140731623 76.17363102275674
11.684168189291976 76.7818135935549
6.071238809120085 73.34309224368117
8.008295324477562 76.34156279493274
15.66773068550619 80.53613599088959
10.061623518496576 72.84471431970573
6.039978327100753 75.84302508403216
8.174964172863307 78.20471966111081
16.04377926917868 76.56147950737036
9.668849611356132 77.33417491569524
13.392875021690125 71.20690898927793
11.317080528570221 77.15473976072307
10.10491045689787 74.43486459899597
12.625735473421997 76.57799558062946
6.306131181183235 75.89937154964419
8.192579292182605 80.51490706978643
10.09014250761669 77.05163165899492
8.389035735356595 75.7329933529376
9.913288954887868 72.93885549295607
12.782270623261468 76.20053481516297
11.339117974567774 77.60469876815682
13.73607860291499 75.79713722782472
11.4655951005993 74.94692829158829
13.059766194884865 74.81306768377054
10.946703931638817 77.02852388237382
9.894293565176246 77.47701689008149
14.035980642979588 78.68066124210542
9.656143956023678 73.96824122504246
11.76253417814441 77.0101961282984
12.612639258344759 75.71483310262744
12.757829940837524 75.77377260219662
8.743959191455772 76.76189271953118
13.178745343552343 76.77355351871307
9.116934039681272 77.01577722304631
12.6962518425958 73.84329862707155
12.145191473994009 74.45861819713025
12.712105855455608 78.92997756249854
8.664837489697756 75.51709607650149
12.250704017364594 76.57026980749896
13.246031884712155 78.06757363554955
11.461636098219293 76.88512715618481
9.437611172686658 77.05128627340726
12.914339760551792 77.74739636995069
11.302683788097351 71.72491348966918
7.72595600424042 74.9783407011421
9.282465607262491 76.89545260446235
10.022255469441864 78.73352962557848
14.086481107175125 76.09043213077472
13.73521070450824 74.26880808795099
13.728781594009163 74.32206891224217
11.539565087263545 77.72596341836932
12.90203411545421 75.5226938466794
8.79328571452403 75.9438409198825
11.088450728681353 77.18830139900781
11.978109935195004 70.15519364607601
8.92504641727757 79.95897603447933
11.494668711179552 74.49609334136105
14.448122903504501 76.44211375041031
12.192384101017065 72.54884698447063
12.909934945224052 75.1131587906531
6.1700306850312865 78.44761710419337
14.190782230201659 72.12590665213142
10.702599836391473 78.21064118584145
9.537471903755726 75.4108488189984
10.725568828275952 76.93256989190355
8.104800215334016 77.2732898384334
13.170728655400097 76.84108401044503
10.404053086348226 74.22833970820152
9.597582907843673 75.22914271839312
10.738734400519082 73.03512865696155
13.310875841048095 76.94183367463933
11.337761333458253 79.36235131949502
8.255456992828877 72.30935923811025
12.004806191377975 74.4349491991871
9.21688462325056 75.5946904596973
6.762642469146178 76.30492385889028
14.066858957330169 77.71659361433203
11.98930428155119 75.65384105074784
10.918303204288982 75.32632355857187
10.383625502502413 78.16450242360266
13.869003533362443 77.28223214558979
17.24915483229262 77.03619696286538
11.972405569028844 76.1832724346394
9.015575167240058 77.9245454333029
10.765913494159859 74.64562222900264
11.93598987608391 74.37285244709102
6.37578791791208 77.45044298520182
11.743842935452047 72.70816907296935
11.94769479088197 76.14260003073615
13.727528927870253 75.32512430693815
13.519091136641919 73.14673155015726
11.297188852474884 74.09570585203065
14.104118345056529 75.74028882687247
15.146201169973324 78.02616752446121
11.130747442384731 74.65232502894754
11.91121868883131 78.38500381127317
7.540249825674659 76.08459946657621
8.172898007013636 78.57901041580311
9.398451903876774 74.74925779390307
10.187607922861705 75.86062183525243
8.882598482419674 76.69520821813717
11.002853707941327 75.59922008598015
10.247426196546575 77.86428930575364
13.216634994575042 71.54311356088265
10.125297240928395 80.80305208904305
6.501408635464823 77.6737902254535
11.326346876966651 75.61117735339315
11.046448483073133 74.85359766430848
9.350744769086823 74.22539978856607
11.264844298889885 77.24947195980265
8.924315355443142 77.94820434904788
11.734524439142497 75.63318875520338
16.340693405755516 78.17222183742018
7.463633586082279 74.14372091794093
10.042360357877492 73.79061931148951
9.72183428899754 79.58492342195427
10.208324764920725 77.14045823854026
13.11469369108976 78.75193741508983
12.160497650533861 74.25036159468779
12.772377537108659 74.11119022792572
11.135835541403008 75.24102237254809
8.430645892006096 74.31012332838515
8.845473809375852 77.36897143192007
12.567363946828996 74.45598889761028
11.416508328722406 73.6149012953286
13.595259344053488 76.24227183597364
11.661368738389406 73.37826865981275
8.708814545231562 72.3593131485124
10.031040903529501 76.22475547918573
12.204472831261672 72.45980092544275
12.495509524373063 77.50879980405402
12.785061796205188 73.16757355895759
8.977796305485425 71.47689343862368
8.672784199741962 75.37064771118159
10.69523949240097 76.24743001805614
13.954991564962722 76.94119113882705
9.687107890279776 76.30227240949488
11.984788313097757 73.83961576922769
11.984966809773741 77.38436337331638
12.596390031237037 77.87851802442266
14.403725039792231 73.5467167545521
14.198657381428024 75.59622873414395
9.8856328642168 75.40936095724513
6.879053649278464 76.39900417703925
9.717785861166327 75.54839342791496
11.226189119990282 75.82248546731722
10.351553976524498 77.24187207194656
15.01064241775208 73.73053481226091
11.11240514052871 77.43298728198482
12.382268292408199 78.24050647452567
11.509273151190499 79.22651099844092
10.381578164914167 71.67150636318846
7.2252211759704785 75.59243769723274
10.917609254812842 72.02803986275599
17.584139118204064 71.08811363191752
8.585927732220144 76.24642710667813
7.445098443147362 75.15993742576245
14.94762313703363 76.55794291500466
12.559010471634481 76.9304963916378
11.449684292942685 78.45403292767901
13.800192256629927 76.06608186207474
9.411840645983618 81.80495224610135
10.861655010066508 76.5710607214336
12.985152765697459 79.6431991005976
15.295553267536603 71.29256541041468
8.737755902582595 78.65772007056442
13.636313449016601 75.59672003187205
11.83852265357778 72.06154649260863
11.400966666754643 76.79933122991942
11.059386087386335 75.35232993549454
8.305551290506605 77.11834750835946
13.001022528321876 77.98039392656533
9.510306491243156 72.97994077793999
8.915463126891117 77.98807897637349
12.845762449696487 75.97119997990461
12.653112582189168 78.66392336084972
11.232844699117937 75.54794455346743
13.233931773519094 75.01742322640033
13.926717694854041 76.01234909284108
13.691292687546893 76.16196242422288
10.018286585091852 74.63267140847971
13.103054394455235 74.96563154955261
11.49812648691311 73.5044899424356
14.52666007260056 75.08895083188278
10.827387859361465 77.31086113145832
10.36190125715915 75.68353266365088
9.847250778210059 77.97637160355782
11.453420320366922 75.58738207615703
12.00829546708002 73.09520501601655
12.046769097750353 77.15279078657633
11.773189612519525 74.61099472939637
12.416918557255425 75.49150643393611
10.629760860067016 78.4333851064314
9.329813900712068 73.63650009202014
9.155188538068515 76.28772858639195
13.024946722502749 75.8772043113916
12.01548915295239 77.36009244233738
7.363168989995163 77.66854774242722
13.268351385495693 76.48591901996096
14.835714824701121 75.23749171830238
9.643010830378746 76.90498601951509
11.747164624447894 78.6295528057523
10.127928344631092 75.90366113218377
12.331458382838145 75.42372878261712
8.742826753745362 76.73458152679915
10.93195321769825 76.0356950522024
13.037472787893375 73.28282216362757
13.546268010493492 76.43690261225814
11.927836169735189 73.26471619393564
10.396753925476332 76.70720230428006
7.889642363208594 74.36395556265003
9.559745109417248 76.03199061983587
10.136297722386251 76.73942882386164
9.679376965292583 80.86604770335032
11.193950468523042 77.44374093503703
10.391069059553242 78.68783863094784
11.419087276566698 79.70173664885102
13.48009913399114 76.93675284546207
10.261920089437089 76.52962061199757
8.309110577387361 73.82479879381074
9.671429335646062 75.72498114666239
12.242021471842355 74.51206555219144
12.430732101801159 75.1561233112144
11.88701492592828 79.69956776384811
13.676319143671844 76.18748402986316
10.702118392141841 74.20644185603095
15.17917682791446 78.70730792084578
12.711218804107626 77.86879196393807
6.027869591480057 77.97354799666397
14.676161791822944 71.94598060525838
9.540871311624368 79.85558292690614
9.00664215298195 74.8412115272754
12.1223867515616 77.51415055704868
7.598483587222724 81.00584059269724
9.683906069252584 80.2689065078444
14.189041613144227 74.0031167605178
12.187279689890817 73.06920633745862
12.699324093774251 78.81893420915902
9.761023330900864 76.24235263465117
7.998104533959605 74.95647812885902
12.48847939052328 77.20067810534127
12.935356844379712 75.63248185654429
12.844831304058031 77.36088928556066
11.492982992131543 76.09220462710064
9.140708044951669 77.40301686811951
15.950383708015272 74.16917563319039
12.034419417864163 78.80716503772844
10.727071248717476 77.35348775292805
10.735946056929077 77.25083575027031
11.37403948804292 73.72290115743918
13.214061056211772 79.35750584475167
11.454100778506717 75.93080881273063
12.791870838790807 77.41433873632286
11.377639907682227 75.31259208396996
10.85013674895505 76.48001914082737
12.35734531855259 76.55249571570198
12.281416599243403 70.31837914745633
10.7355762937055 77.12313726077284
9.576430616467293 79.88892393490734
11.75830236137668 77.03780152944708
11.231541869821 74.0428245136837
9.965101106354297 77.25816414377094
9.390043566822218 78.07720207180985
11.895796219684724 76.98317404384395
12.1750346459512 75.80998679860309
10.35478030258609 75.47394255981531
9.91497046006996 75.46562150072955
9.41433415382143 77.35379481348559
11.83935441018565 73.14399302134392
9.466890384614338 75.21449468975236
15.557113669937273 79.14946065748506
10.254281659953817 79.22663154461752
6.22441597615061 73.00194683585985
11.014501198637541 73.69541378893595
10.928777572258207 75.4169998524073
13.298281666944188 77.74342004569188
11.65109700535122 72.3032923033572
9.407174165016206 75.84862374162822
10.502060784902259 75.00988269830388
11.729684075197786 78.61017036003364
6.74541603127499 72.60442406352466
13.752088000676714 76.14332224245042
